cam0:
  cam_overlaps: [1]
  camera_model: pinhole
  distortion_coeffs: [1.0009332415743417]
  distortion_model: fov
  intrinsics: [727.8720676394388, 727.5556217340838, 1028.956933390669, 759.9973519736183]
  resolution: [2048, 1536]
  rostopic: /stereo/left/image_raw
cam1:
  T_cn_cnm1:
  - [0.9999057524915241, 0.002818128806972649, 0.013436676835616893, -0.19843411336295008]
  - [-0.0025440669189906234, 0.9997892691358742, -0.020370199907338796, 2.017575190955709e-05]
  - [-0.013491251160259017, 0.020334096261711728, 0.9997022109965292, -0.0015465999866854704]
  - [0.0, 0.0, 0.0, 1.0]
  cam_overlaps: [0]
  camera_model: pinhole
  distortion_coeffs: [0.9979656270619701]
  distortion_model: fov
  intrinsics: [730.0893641157643, 729.44870972354, 987.1995269771874, 758.3938829118847]
  resolution: [2048, 1536]
  rostopic: /stereo/right/image_raw
