cam0:
  cam_overlaps: [1]
  camera_model: pinhole
  distortion_coeffs: [-0.21612735253992965, 0.02746766532297538, -0.0010087719054988748,
    -0.0015250102612213582]
  distortion_model: radtan
  intrinsics: [416.79090891207727, 417.1783779061342, 526.8999498232993, 397.82172569110065]
  resolution: [1024, 768]
  rostopic: /stereo/left/image_raw
cam1:
  T_cn_cnm1:
  - [0.9977939227772665, -0.002658351509798705, 0.06633416040016166, -0.21067040833191852]
  - [0.00264574234344112, 0.9999964613940033, 0.0002779332897086456, 0.006862844552927184]
  - [-0.06633466451408454, -0.00010181705042145762, 0.9977974252908663, 0.01882521964548945]
  - [0.0, 0.0, 0.0, 1.0]
  cam_overlaps: [0]
  camera_model: pinhole
  distortion_coeffs: [-0.22194003436090612, 0.029146912104086417, -0.000938377491263897,
    0.0001888776228775832]
  distortion_model: radtan
  intrinsics: [425.9198795851646, 428.38742568097564, 490.9600819391237, 387.5056857997321]
  resolution: [1024, 768]
  rostopic: /stereo/right/image_raw
