cam0:
  cam_overlaps: [1]
  camera_model: omni
  distortion_coeffs: [-0.04136568766077553, 0.2899096148640499, 0.0059676072244886575,
    0.0011198344042726127]
  distortion_model: radtan
  intrinsics: [2.807417062452348, 3012.8834854501642, 3010.537120649735, 1026.3719816709067,
    758.1491589036916]
  resolution: [2048, 1536]
  rostopic: /stereo/left/image_raw
cam1:
  T_cn_cnm1:
  - [0.9998673060947754, 0.00371389748706937, 0.01586118432642395, -0.19679188260024078]
  - [-0.003594884194364177, 0.9999652222637958, -0.007525361821930821, -0.0006532012919442106]
  - [-0.01588858113269928, 0.007467344131443465, 0.9998458840047384, -0.0003644775097291944]
  - [0.0, 0.0, 0.0, 1.0]
  cam_overlaps: [0]
  camera_model: omni
  distortion_coeffs: [-0.001779574642809846, 0.4532934879851776, 0.002656120473659345,
    0.005253367889362397]
  distortion_model: radtan
  intrinsics: [2.7865159602343597, 3002.0642558030177, 3001.3518907648872, 980.0119445907139,
    748.5371693132378]
  resolution: [2048, 1536]
  rostopic: /stereo/right/image_raw
