cam0:
  cam_overlaps: [1]
  camera_model: pinhole
  distortion_coeffs: [-0.24722480973012542, 0.03732996855222736, -0.0029865859156707627,
    0.0008851620274614823]
  distortion_model: radtan
  intrinsics: [415.8957923624368, 417.2756196318206, 505.80458502241817, 395.29178827841884]
  resolution: [1024, 768]
  rostopic: /stereo/left/image_raw
cam1:
  T_cn_cnm1:
  - [0.9981380027171571, -0.002815899602703292, 0.060931094206728806, -0.20509311661605606]
  - [0.002412251267910469, 0.9999746638611885, 0.006697214310504367, -0.00042816787178735397]
  - [-0.060948409131184295, -0.006537763006400247, 0.9981195064115556, -0.003393031089397019]
  - [0.0, 0.0, 0.0, 1.0]
  cam_overlaps: [0]
  camera_model: pinhole
  distortion_coeffs: [-0.23895372797516595, 0.03494218271699527, -0.003147174050804345,
    0.0029315984095938013]
  distortion_model: radtan
  intrinsics: [409.52642494096364, 412.81175590073144, 467.39719537301426, 385.431651799628]
  resolution: [1024, 768]
  rostopic: /stereo/right/image_raw
