cam0:
  cam_overlaps: [1]
  camera_model: pinhole
  distortion_coeffs: [-0.04686732985785942, 0.02381669654518273, -0.017008895762959626,
    0.0020589047621329347]
  distortion_model: equidistant
  intrinsics: [390.71247012580164, 390.9153521829607, 516.6887328022428, 386.95852565220247]
  resolution: [1024, 768]
  rostopic: /stereo/left/image_raw
cam1:
  T_cn_cnm1:
  - [0.9996779484021977, -0.0006269428469613649, 0.02536939930383144, -0.1983764233245194]
  - [0.0006947221675632363, 0.999996212967806, -0.002662970362893894, 0.0009379664276825348]
  - [-0.02536763369887888, 0.0026797374331077616, 0.9996745981407184, 0.011816823661547501]
  - [0.0, 0.0, 0.0, 1.0]
  cam_overlaps: [0]
  camera_model: pinhole
  distortion_coeffs: [-0.06630058475238731, 0.04407348653313956, -0.029842971122842225,
    0.005494110778921013]
  distortion_model: equidistant
  intrinsics: [399.84740781455366, 399.82139259021744, 492.09348666065193, 378.8250976726351]
  resolution: [1024, 768]
  rostopic: /stereo/right/image_raw
