cam0:
  cam_overlaps: [1]
  camera_model: pinhole
  distortion_coeffs: [-0.03295211324313571, 0.00011016922641176336, -0.012728468320013968,
    0.005755835564684833]
  distortion_model: equidistant
  intrinsics: [780.5300174662649, 780.5497344761851, 1021.9007441103607, 764.0414900915501]
  resolution: [2048, 1536]
  rostopic: /stereo/left/image_raw
cam1:
  T_cn_cnm1:
  - [0.9999731244983207, 0.001108059048156249, -0.007247239902676304, -0.19909493758492852]
  - [-0.0011381449454442411, 0.999990747022472, -0.004148553424589822, -0.00037496954678698923]
  - [0.007242576001969486, 0.004156690339598955, 0.9999651329012785, -0.0003456241051133653]
  - [0.0, 0.0, 0.0, 1.0]
  cam_overlaps: [0]
  camera_model: pinhole
  distortion_coeffs: [-0.03144138754312993, -0.007736197531710939, 0.003371883245810921,
    -0.002273760108013737]
  distortion_model: equidistant
  intrinsics: [785.955114845358, 784.7401054907116, 993.0481215665415, 751.6747696910318]
  resolution: [2048, 1536]
  rostopic: /stereo/right/image_raw
