cam0:
  cam_overlaps: [1]
  camera_model: omni
  distortion_coeffs: [-0.25325845605800956, 7.746908147496205, -0.0013146542572907566,
    7.756475289104826e-05]
  distortion_model: radtan
  intrinsics: [3.095604745263187, 3313.018250409148, 3315.138837769938, 512.2115882987318,
    385.7456357257206]
  resolution: [1024, 768]
  rostopic: /stereo/left/image_raw
cam1:
  T_cn_cnm1:
  - [0.9999242167242616, -0.000680833088465181, 0.012292163140578165, -0.20052474866606504]
  - [0.0006454747020630894, 0.9999956437906143, 0.0028802364834433023, -0.00041172352797031787]
  - [-0.012294070553642275, -0.002872083929346814, 0.9999203003055402, 0.0025354595733811367]
  - [0.0, 0.0, 0.0, 1.0]
  cam_overlaps: [0]
  camera_model: omni
  distortion_coeffs: [-0.2708694189176989, 7.680481427454112, -0.002101136744880019,
    -0.0004983236571199941]
  distortion_model: radtan
  intrinsics: [3.052799281734264, 3287.1483132122207, 3287.858471056113, 477.6655332392099,
    370.16436339079246]
  resolution: [1024, 768]
  rostopic: /stereo/right/image_raw
