cam0:
  cam_overlaps: [1]
  camera_model: pinhole
  distortion_coeffs: [-0.2367470305291732, 0.03419363380519954, -0.0009069211291227865,
    -0.00021595631177120665]
  distortion_model: radtan
  intrinsics: [800.0542253607287, 802.8046940582835, 1038.8535217245876, 774.0840471198901]
  resolution: [2048, 1536]
  rostopic: /stereo/left/image_raw
cam1:
  T_cn_cnm1:
  - [0.9969338118544324, 0.0012101559761579423, 0.07824008118545143, -0.19529937047337062]
  - [-0.0006359481511080461, 0.9999726864815843, -0.007363549467042322, -0.0033277497240104923]
  - [-0.07824685521694634, 0.007291214803984739, 0.996907351680858, 0.0050771173480626515]
  - [0.0, 0.0, 0.0, 1.0]
  cam_overlaps: [0]
  camera_model: pinhole
  distortion_coeffs: [-0.23696409185774517, 0.03493446426198927, -0.001534871016711695,
    0.002448077952434224]
  distortion_model: radtan
  intrinsics: [798.0604780062157, 801.7734841051359, 943.2194118530231, 766.7363945887703]
  resolution: [2048, 1536]
  rostopic: /stereo/right/image_raw
