cam0:
  cam_overlaps: [1]
  camera_model: pinhole
  distortion_coeffs: [-0.055915473648260064, 0.0345263059810333, -0.030972689260019688,
    0.008154853145871471]
  distortion_model: equidistant
  intrinsics: [395.44064064180395, 395.88528079613775, 514.5207559609464, 387.4883395866963]
  resolution: [1024, 768]
  rostopic: /stereo/left/image_raw
cam1:
  T_cn_cnm1:
  - [0.9999687403615717, -0.0037470295170085946, 0.00696261944145305, -0.19432797588866185]
  - [0.003692456984564354, 0.9999624938564755, 0.00783432458808222, -0.00011611966474819549]
  - [-0.006991713745926356, -0.007808370517140824, 0.999945071135789, -0.0021957976750947568]
  - [0.0, 0.0, 0.0, 1.0]
  cam_overlaps: [0]
  camera_model: pinhole
  distortion_coeffs: [-0.06566733980210708, 0.06945584385318064, -0.06238937810627529,
    0.01637272385733841]
  distortion_model: equidistant
  intrinsics: [397.44020794229704, 397.84451868710374, 494.1690040243473, 377.14272599583603]
  resolution: [1024, 768]
  rostopic: /stereo/right/image_raw
