cam0:
  cam_overlaps: [1]
  camera_model: pinhole
  distortion_coeffs: [-0.3058400820116374, 0.05254252151059451, 0.007604188268920816,
    -0.010365848312874381]
  distortion_model: radtan
  intrinsics: [738.2194350748539, 741.2600793335183, 329.2381895562577, 246.12158858519805]
  resolution: [640, 480]
  rostopic: /stereo/left/image_raw
cam1:
  T_cn_cnm1:
  - [0.9993391505404416, -0.003353065006082841, -0.03619418671806086, -0.19739392042222506]
  - [0.005743904748289851, 0.997792792299173, 0.06615550766240379, -0.0011646440641264347]
  - [0.03589247491270898, -0.06631968479186835, 0.9971526611576365, -0.023679095809131738]
  - [0.0, 0.0, 0.0, 1.0]
  cam_overlaps: [0]
  camera_model: pinhole
  distortion_coeffs: [-0.31425695242601576, 0.09801337852340718, 0.008441025097085934,
    -0.008535114281185316]
  distortion_model: radtan
  intrinsics: [730.0251365385697, 731.2385207986896, 332.30654433588546, 189.33947246845227]
  resolution: [640, 480]
  rostopic: /stereo/right/image_raw
