cam0:
  cam_overlaps: [1]
  camera_model: pinhole
  distortion_coeffs: [-0.23308101700864015, 0.03365093029886088, -0.0016585634315784174,
    -0.0014255529237822023]
  distortion_model: radtan
  intrinsics: [796.956919719157, 800.6458357579844, 1050.6729208933937, 774.0606930574402]
  resolution: [2048, 1536]
  rostopic: /stereo/left/image_raw
cam1:
  T_cn_cnm1:
  - [0.9974533055742507, 0.0024417813621718043, 0.07128071901133301, -0.20154814587637315]
  - [-0.002105746795011687, 0.9999863155286345, -0.004789006775361052, -0.000659537745792706]
  - [-0.07129143727986242, 0.004626711492897137, 0.9974447977263332, 0.004761405550501801]
  - [0.0, 0.0, 0.0, 1.0]
  cam_overlaps: [0]
  camera_model: pinhole
  distortion_coeffs: [-0.23668323805638594, 0.03425124449136404, -0.0013960713766363478,
    0.0019846520878269713]
  distortion_model: radtan
  intrinsics: [801.2119431957261, 804.5340851782947, 963.4204354180391, 761.9584638777663]
  resolution: [2048, 1536]
  rostopic: /stereo/right/image_raw
