cam0:
  cam_overlaps: [1]
  camera_model: pinhole
  distortion_coeffs: [0.991109962272717]
  distortion_model: fov
  intrinsics: [742.9446723847749, 743.50891269804, 513.3341016673198, 385.16669940880524]
  resolution: [1024, 768]
  rostopic: /stereo/left/image_raw
cam1:
  T_cn_cnm1:
  - [0.9997893175018411, -0.00034947841759750623, 0.020523120474920997, -0.20413318498901525]
  - [0.0003172355442702916, 0.999998710491962, 0.0015742858737509842, -0.0013518456698304356]
  - [-0.02052364418912829, -0.001567443535976308, 0.999788139132461, 0.0046414684764290795]
  - [0.0, 0.0, 0.0, 1.0]
  cam_overlaps: [0]
  camera_model: pinhole
  distortion_coeffs: [0.9932483264830163]
  distortion_model: fov
  intrinsics: [745.5749019629995, 745.362304163528, 474.70380021422403, 371.1468351743933]
  resolution: [1024, 768]
  rostopic: /stereo/right/image_raw
