cam0:
  cam_overlaps: [1]
  camera_model: pinhole
  distortion_coeffs: [-0.024222747080776277, 0.003012515429623066, -0.017555660798893348,
    0.006802139802825551]
  distortion_model: equidistant
  intrinsics: [768.648536979873, 767.4592563185716, 1028.289177426932, 767.1846501905015]
  resolution: [2048, 1536]
  rostopic: /stereo/left/image_raw
cam1:
  T_cn_cnm1:
  - [0.999987735314936, 0.0006879946712835189, 0.004904679707723095, -0.1975160092277628]
  - [-0.0006418370193580476, 0.9999555536870764, -0.009406311477440747, 0.0019052848891929642]
  - [-0.004910933204966934, 0.009403048106988363, 0.9999437311275828, 0.0046249743102382244]
  - [0.0, 0.0, 0.0, 1.0]
  cam_overlaps: [0]
  camera_model: pinhole
  distortion_coeffs: [-0.031798383114296155, -0.003390108557752398, 0.0015683539449482793,
    -0.0025741621105175843]
  distortion_model: equidistant
  intrinsics: [781.6376572301541, 780.896424540779, 989.1953307527211, 755.5124572857885]
  resolution: [2048, 1536]
  rostopic: /stereo/right/image_raw
