cam0:
  cam_overlaps: [1]
  camera_model: pinhole
  distortion_coeffs: [-0.35399499862704137, 0.12708865261105481, -5.029988053420002e-05,
    0.00012206621418970664]
  distortion_model: radtan
  intrinsics: [806.8305425420349, 807.4369578669499, 511.62217033681685, 387.55072568208357]
  resolution: [1024, 768]
  rostopic: /stereo/left/image_raw
cam1:
  T_cn_cnm1:
  - [0.9999090694306572, -0.0005961789453676657, 0.013472098610749062, -0.20501374925251623]
  - [0.0005612456873614271, 0.9999964712260592, 0.0025966398870843834, 0.000973713103924431]
  - [-0.01347359913278797, -0.0025888426158960872, 0.9999058755804541, 0.005794978873073203]
  - [0.0, 0.0, 0.0, 1.0]
  cam_overlaps: [0]
  camera_model: pinhole
  distortion_coeffs: [-0.35847799335706476, 0.1330985439668372, -0.00042308134703094923,
    -0.0008931137251524935]
  distortion_model: radtan
  intrinsics: [810.9973397025896, 811.2492810986291, 479.0100245040495, 371.69837450258314]
  resolution: [1024, 768]
  rostopic: /stereo/right/image_raw
