cam0:
  cam_overlaps: [1]
  camera_model: pinhole
  distortion_coeffs: [-0.20465041519554225, 1.1102688428167304, -2.945360206173414,
    2.594242304382167]
  distortion_model: equidistant
  intrinsics: [810.498842052932, 810.9940402433009, 510.5842542548462, 388.93486508985444]
  resolution: [1024, 768]
  rostopic: /stereo/left/image_raw
cam1:
  T_cn_cnm1:
  - [0.9999252511533254, -0.0009322781162562535, 0.012191101815149213, -0.2007290601120797]
  - [0.0008328093746530305, 0.9999663463073655, 0.008161659220880347, 0.0005769466420124228]
  - [-0.012198300475839854, -0.008150896282387653, 0.9998923763862234, 0.0019496155264928613]
  - [0.0, 0.0, 0.0, 1.0]
  cam_overlaps: [0]
  camera_model: pinhole
  distortion_coeffs: [-0.05442840962194332, -0.0016957809111035353, 0.0649038705069139,
    -0.060055050007913155]
  distortion_model: equidistant
  intrinsics: [807.958700697283, 807.7284700773973, 476.06669477895855, 368.9299561064878]
  resolution: [1024, 768]
  rostopic: /stereo/right/image_raw
